· IX

1110000

1101. 1422. 27 1000010, 0111101011 - 1100101100001100110010001011010, 010

10 0000111101 01001011 000100110 1000010, 10 001100 000100110000000001100 163
(1081. 11412. 28. 1000010, 0 Μ101011. - Odgovor 00 00111000 0001001100 0010010 6

00 010 . ......................... ’ ..... 15
(101. 1822. 28. 1000010, 0 Μ101011. - 0101000 000100110 00 00101030 despota 166
000. 0400. 0001110, u 00001, - oliekarniku 10110100 ....... 166
(101. 1422 10. 0011010, 0 Μ101011. - 01000001 011010110ςο 01010 00 000110

0010000οο mu 01 1110011111 0001001110 .................. 167
γ(101. 1422. 16. 0011010, 0 Μ101011. - 11000101 00 110010 Βο0101110 1010101·

1000 0001000110, 101 10 imao 0011 00101000 1000010 81100000, 10 001101

mir ili primirjo 0100011 ........................ 171
(101, 1422. 26. 0011010, 0 11101011. - 11000101 00 000100110 001010110ςο 110·

100101001101000001000100100118001010 .............. 174 , ¹

(101. 1422. 12. 110010, 0 11101011 - 010010 110 00 01010, 101000100010 010·
10010 01000110 0 20100. a ....................... 178
(101ὔ1ὶ422. 00110110, 0 11101011. - Ρ110 00 0111010110οι 20100 o 0000110010 78
100 000 ................................ l
(101. 1422. 22. 000010, 0 11101011. - 11010, 1010 00 00 0 20100 0110000010 00
010001, 1010 00 00 10001010 0 1000000100 ................. 179
(101. 1422. 31. 000010, 0 Μ101011. - 1101010 00 000100010ωο 10001000, 0010
8101001101 001101010001 00000001 0101011 ................ 179
(101. 1422. 7. 10100000, 0 Μ101011. —- 000010110 00 01010 0000110 0 1010100
100101 8110011000, 00101001100011011001111000001001100 ....... - .
God. 1422. 1110100000, 0 11101011. —- 11010]οἰ10ιο Ζο10001100 0010101010 00
01010 0000110 111010 00 0001001000 10000 ............... 181
(101. 1422. 23. 10100000, 0 11101011 - 010011010 00 00 20100110001011,101
1110100 0 redu 1010110110011000 0001010. . λ ............. 181
God. 1422. 2010100000, u 11101011. - Μ1011001 011001 10 010000 1010 0100011
0101 11 00 0110010, 0010 Turni 0010110 0010100 1000010, 1010 1100 1010001,
00 mir u AlbaniJ'i ........................... 188
(101. 1422. 10. 00100, ιι Μ101011. — 0 dogovaranjih 00 10011001 1000001101

180

proti 10000 10000 (1011001000 ..................... 188 ·

(101. 1422 12. 001010 11101011 - 0100100110 00 0000110 o 10101, 110 00

100010 0101011 00 103, 101 00 1000100 0100000100, 00 000 10100110010 3001000 190
(101. 1422. 26. 00100, 0 11101011. - Proglasuje 00 001000 00 01000 010103

1101000, 1011000 000001001000100100100110 ............. 191 ,
God. 1422. 2110100010, u 11101011. - 11001010 00 1000 1111001111 1010 10 00

01010 00 10100οι10000ιο (1011010110 ................ 192
(101. 1422. 2110100010, 0 11101011. - 1101010 00 10000 1100111000, 0010

01010 01100111 Ρο1111000 00 01010110 010000 ............... 193
God. 1422. 1110100010, 0 11101011. - 11000101 00 110010 Βο0101110 110100

00 000011οι0 0 Κο100 ......................... 194
(101. 1422. 4110100010, 0 11101011. - 11001010 00 1000 (1100010, 00010011

0010110111 0 10000 1001101000001000 ο 01010111 00101100010011 ..... 191
001. 1422. 4. 1101001110, 0 1110ιο11 - 11000101 00 100000011000 i 10001000

01100010 0 1101000110 .......................... 197
(101. 1422. 4110100010, 0 Μ101011. - 1100011110 001010 0001110 0010101100

00 mom, 10100 00110 0101010 810100 ................. 199
God. 1422. 6. 110100010, 0 Μ101011. —- 71010 01010110 0111010, 1010 01010100

0011101000 0010001001 01100110 0100001100 10000 00 00111 ......... 200
(101. 1422. 7. 010100000, 0 11101011. - 01001011010 00 0010101οἰ 00100011, 10

10 1000011000 0001010000 10000 000111 0100 10 0010000110 1 10100 00 10010011

0110101111 samo, i 10110 0 001100 0011000100ςο 1010000010 ........ 201
(101. 1422. 80 0101000100, 0 Μ101011. - Dite 00 010010 10 10011000 00. Μ110110

00 01010 00001 20100 ........................ 202
(101. 1422 21. 00001000, 0 1110011. - Ρο0011010001000 01 811000001001100110

100110 10000010εο 001010110οι0 0001001110, 101000 1000011010 Μ101100010 1000·

0011 00 000101 0000111, 1 101011 jim 00 010000001 00010 1 1010110 ...... 202
0101. 1422. 21. 00001000, 0 1710011, - Ρο010011 01010111 0003100010, 10 10 001·

mio 0000110 01 1000001000 100110 00 01010110 1000000 1 10 0 01000οι1001

10011ιο 1 0 0011010 ........................... 201

 

