XI

811000

001. 1423. 7. 1101011010, ιι 1111010111. - 201110010οο 21100001 001011010100 10110-
0011, 0 101 bi jih 101011, 10 1111 00 1010 301100 11101010 .’ ........ 253
001. 1423. 19. 1110010011, 0 11101011. - Ηο010 00 0101010101 20101011, §to 00
01100111 Νο013101 0110101011101010, 10 00 001011010 000101011011101011110
0111100100, 0110111001 1111101110 11010 .................... 254
001. 142111. 01011111, ¹². 1111010111..- Ι1101111011ιὶ 20101011, 11000001, 10 01111000 ¹
01111111111111111111311111 103131 1111οῐ. 01101· 1.· ²⁵⁵
31001110 0101011030 .......................... 255
flod. 1424. 13. 0011010, 0 1111010111, - Ρο00110, 10100100 3011011010· 0110101110
1110010100 1000000111 701011 1 11010 110011 10010 8001010, 101811010000100
110ιο000103 701100 ........................... 256
001. 1424. 10. 0011010 (1423. 1. 010100), 0 1111010111. - Ρο301110 111110 111011
1111011001 1 0010010111 8001011001 ..................... 257
001. 1424. ll. 020110, 0 1111010111. - 11030101 00 0111000030 1000101030
1101101000 ............................... 260

“ Gon-1424. 00. 011110, u 100011. - 1001 0011011 mon 0110 01 00100

1011010, 0 011110 ιι 00103 Κ111 8001 ................... 267
001. 1424. 30. 020110, 0 11101οἰ11. - Primaja 00 001011 110010011001 01 010·
1030, 10110 1110110300, 10 10 011111 3110010 001000 ............ 266
001. 1424. 1. 1100010, 0 Μ1010111. - 0100010010 1102110 0011 . . . . . . 263
001. 1424. 4. 1100010, 0 1111010111. - 01300011 00 0101110 1100100110 10000
3011101030 ............................... 269
001. 1424. 12. 1100010, 0 111010111- 01300010 00 00 1101000 0010101110. 00101· ·
· 01111 1000030 1110110010 ........... . .............. 270
001. 1424. 26. 1100010, 0 11Ιο10111. - U 00110110 1100100110 01100010 0 Rim
1020 00 1 10, 0010 0000111010101111101111110100210311111010101100. . 271
001. 1424. 0. 00111010, 0 Μ1010111. - 0113000100 111010 101000 10000 0001011030 271
001. 1424 17. 00111010, 0 11101010. - 71010 1111010110 1101011100 10301110
0110111000 01 01001003 011100. 3010010103 10101000 00 1101100111 ..... 272
001. 1424. 19. 00111010, ιι Μ1010111. - 1101020 00 10110011001101 1000000111, 10
01110010 000 0010110, 1011111111101120001000101001101111011301010 . . . . 272
001. 1424. 29. 00111110, 0 11101011. - 1101020 00 1101101000 1100101010100, 10
1110110 00 3011110011 0 210311, 111001111001010 3101000 ......... 273
001. 1424. 21111010, 0 11101011. - 0010 00 1111101001 Donata 2011001011 0010-
1000 0 11101011 ............................ 274
001. 1424. 17. 1111010, 0 11101011. - 01300010 00 00 1101000 110110 110000-
01030 31010 20111001 31010 0110101110 ................. 274
001. 1424. 7. 0111010, 0 Μ1010111. - Ρο11110010011010100111101011 110101. 11101·
1001 00110 10010011100, 10 1111 0111110, 1 11121 1111 3001010 .......... 275
001. 1424. 11. 0111010, u Μ1010111. - 011011000 00101111 1001 10 000111 011110·
1000, 10001101100110 10111000 ..................... 275
(101. 1424. 1310100000, 0 11101011. - Ιο ’.1103110 01310011010 00 0 1110110
0101011 0001111νο 0101000011 ..................... . 276
001. 1424. 14 10100000, 0 Μ1010111.- Νο1020 00 0010101100 2010101110, 00110 =
011030 11000 1 10000 000 1710110, 1011 10110 ................ 276
001. 1424. 26. 10100000, 0 Plani. - 0 1103011101110011011110001 100110 Μ101-
10011 01101110 (1001101001 ........................ 277
001. 1424. 1. 111100, 0 1111010111. - Na predlog 0101030 3101010 10011001, 10
111010 0110010 1110101110 ......................... 278
001. 1424. 6. 10100, 0 11101011 - 01101010 00 1000101010 000100, 101 111 1100
111 101100 1010110 01110011 11110110 ’1103000100 .............. 279
001. 1424. 1010100, 0 Μ1010111.- 0100110 00 001000 00 31000 Dogana i Μο110
0100110, 300010 ........................... 279
(101. 1424. 16. 1101011010, 0 11101011 - Ρο101ι11010 00 011100110110110001101110
01030010 §monimina ............. , ............ 100

 

